100 300
32 54
22 81
16 72
62 15
41 2
5 81
55 54
33 36
40 42
56 25
98 64
60 52
17 25
46 78
71 32
52 15
84 36
11 50
91 2
54 30
71 84
49 83
78 69
86 22
52 98
57 56
48 40
16 19
16 22
56 35
58 94
4 57
16 25
65 61
98 69
47 69
44 86
17 36
64 42
64 97
100 61
57 81
65 87
81 87
79 12
31 90
3 85
51 34
81 1
40 28
95 8
49 48
81 91
84 48
67 24
74 8
82 45
78 31
33 23
3 74
71 33
51 68
84 30
25 44
51 100
78 76
29 76
20 64
18 51
31 89
60 7
1 21
95 5
68 72
18 15
33 45
56 12
48 93
29 85
82 61
4 28
70 23
35 51
18 41
42 58
79 69
68 97
85 80
30 70
70 41
34 70
32 58
89 68
97 23
4 37
70 60
76 39
71 65
14 56
17 99
55 7
82 88
9 50
63 24
32 3
46 17
19 43
19 31
83 8
95 28
89 16
96 88
24 28
71 50
97 45
21 43
77 26
100 46
48 65
86 68
43 1
23 96
56 23
43 93
15 48
64 98
61 59
26 79
1 53
48 88
65 86
45 77
1 58
70 95
78 56
1 47
31 27
84 70
73 50
39 75
54 33
3 49
26 19
32 98
41 44
56 73
71 67
9 96
24 50
63 82
19 48
1 77
60 87
32 88
78 81
87 34
15 100
71 85
62 48
44 48
60 17
88 53
17 82
46 92
97 24
4 20
100 51
49 7
72 22
3 10
43 73
68 17
57 12
22 14
68 5
26 69
44 100
69 29
8 82
28 74
54 39
50 30
82 84
36 75
96 92
40 25
23 62
6 42
43 5
42 80
72 75
34 63
36 71
41 87
17 90
89 32
98 33
66 34
4 95
48 39
78 75
78 60
99 44
6 8
79 57
8 43
22 47
36 91
89 9
68 13
21 59
48 85
37 21
35 43
80 17
45 18
87 89
11 44
60 38
85 88
46 60
4 7
59 57
27 52
34 28
57 68
5 6
54 12
45 36
23 55
39 50
97 47
28 54
12 82
16 21
81 89
49 15
18 8
92 76
21 82
41 26
94 6
3 8
66 14
85 32
42 39
66 40
38 33
13 35
100 16
65 69
3 82
19 25
77 18
43 59
5 91
45 52
38 69
63 1
88 6
35 47
44 79
15 77
22 24
48 95
53 27
1 13
49 69
19 46
84 96
68 45
22 43
91 42
46 58
12 49
92 50
27 62
33 10
30 87
14 73
78 66
44 54
24 18
47 44
20 23
19 74
3 84
14 62
21 22
51 90
44 76
100 78
54 83
79 52
18 29
49 22
75 95
51 64
46 55
28 70